mismatch	number
0	39
1	38
2	39
3	40
4	33
5	29
6	20
7	32
8	34
9	35
10	47
11	37
12	62
13	65
14	68
15	84
16	66
17	75
18	77
19	73
20	71
21	77
22	57
23	79
24	64
25	61
26	52
27	63
28	47
29	62
30	44
31	59
32	60
33	58
34	59
35	64
36	65
37	49
38	50
39	49
40	50
41	55
42	69
43	53
44	43
45	33
46	25
47	39
48	44
49	59
50	44
51	62
52	52
53	48
54	31
55	34
56	20
57	27
58	22
59	13
60	13
61	8
62	10
63	8
64	8
65	5
66	8
67	8
68	9
69	9
70	17
71	23
72	25
73	31
74	56
75	46
76	57
77	59
78	66
79	77
80	74
81	65
82	89
83	57
84	81
85	58
86	65
87	53
88	46
89	54
90	47
91	40
92	50
93	31
94	31
95	32
96	15
97	18
98	17
99	22
100	20
101	16
102	12
103	15
104	5
105	11
106	9
107	10
108	11
109	11
110	9
111	12
112	12
113	11
114	14
115	8
116	2
117	7
118	8
119	8
120	6
121	8
122	9
123	10
124	6
125	17
126	10
127	19
128	7
129	18
130	5
131	6
132	2
133	3
134	4
135	4
136	11
137	6
138	4
139	9
140	6
141	5
142	4
143	3
144	4
145	2
146	3
147	3
148	4
149	2
150	3
151	1
152	3
153	4
155	6
156	1
157	2
158	1
159	2
160	3
161	3
162	2
163	3
164	5
165	3
166	4
167	8
168	12
169	10
170	3
171	9
172	5
173	11
174	10
175	8
176	10
177	3
178	6
179	3
180	4
181	2
182	4
184	2
185	5
186	2
188	2
189	2
190	4
191	2
193	2
197	3
201	3
202	1
203	2
207	1
209	4
210	1
211	6
212	4
213	6
214	5
215	3
216	5
217	5
218	4
219	4
220	1
221	2
222	2
223	2
224	3
225	6
226	2
227	4
228	3
229	3
230	4
231	1
232	4
233	9
234	5
235	2
236	4
237	6
238	1
239	3
240	7
241	4
242	7
243	10
244	3
245	7
246	3
247	1
248	3
250	3
251	4
252	1
253	5
254	6
256	3
257	5
259	2
260	5
261	1
263	2
269	1
273	3
274	2
275	2
277	2
280	1
281	2
282	2
283	4
284	6
285	9
286	11
287	9
288	9
289	12
290	15
291	11
292	4
293	2
294	4
295	6
296	2
297	6
298	2
299	6
300	2
301	3
302	2
307	1
308	4
309	1
314	2
315	4
316	2
317	4
318	4
319	6
320	7
321	7
322	12
323	14
324	18
325	19
326	20
327	16
328	17
329	22
330	13
331	12
332	11
333	11
334	12
335	5
336	2
337	3
338	4
339	3
340	3
341	2
342	3
343	2
344	1
345	2
348	1
350	1
351	1
352	2
353	4
354	3
355	2
356	3
357	1
358	4
359	9
360	12
361	11
362	12
363	5
364	4
365	7
366	4
367	4
368	4
369	2
370	1
372	1
374	3
375	3
376	5
377	2
378	3
379	6
380	7
381	1
382	6
383	3
384	4
385	6
386	1
387	5
388	3
389	3
390	5
391	6
392	5
393	4
394	5
395	6
396	10
397	2
398	5
399	4
400	1
401	5
402	3
403	2
404	2
405	1
406	2
407	2
408	7
409	4
410	9
411	12
412	11
413	9
414	10
415	12
416	25
417	17
418	14
419	16
420	20
421	15
422	16
423	7
424	3
425	5
426	10
427	8
428	9
429	11
430	10
431	4
432	5
433	7
434	6
435	1
436	1
438	2
441	1
442	4
443	2
445	1
446	4
448	1
449	3
450	2
451	2
452	1
453	5
454	8
455	8
456	5
457	16
458	9
459	7
460	10
461	9
462	3
463	11
464	4
466	1
467	5
468	3
471	1
472	1
475	2
476	5
477	3
480	2
481	6
482	1
485	3
490	1
491	1
493	1
507	2
508	5
509	3
510	3
511	4
512	4
513	4
514	4
515	4
516	7
517	5
518	2
519	2
521	5
522	2
523	2
524	2
525	1
526	2
527	2
529	2
530	3
531	1
532	4
533	2
534	1
535	2
536	1
537	1
538	2
539	1
543	2
544	1
546	2
547	1
549	1
552	3
553	3
554	2
555	4
556	5
557	7
558	1
559	4
560	1
561	3
562	2
565	4
566	3
567	1
569	2
570	1
571	2
572	1
573	1
576	1
577	2
579	1
580	1
581	1
582	2
583	1
590	1
593	1
597	1
602	2
608	2
609	6
610	6
611	5
612	7
613	1
614	9
615	5
616	2
617	3
618	9
619	4
620	5
621	1
622	2
624	1
625	1
627	3
628	1
632	1
633	2
638	1
641	1
650	3
651	11
652	13
653	21
654	29
655	20
656	29
657	20
658	19
659	23
660	15
661	18
662	13
663	12
664	9
665	4
667	3
668	2
669	1
670	3
671	3
672	4
673	2
674	1
675	5
676	3
677	2
678	1
679	1
687	1
689	1
690	2
692	2
693	2
694	6
695	11
696	11
697	9
698	15
699	16
700	8
701	11
702	7
703	9
704	3
705	4
706	3
709	1
710	2
712	2
713	1
718	2
719	1
720	2
721	3
725	1
726	4
727	4
728	1
743	1
744	2
745	5
746	2
749	1
752	1
753	4
754	5
755	9
756	6
757	8
758	31
759	32
760	65
761	45
762	27
763	26
764	25
765	57
766	48
767	40
768	26
769	13
770	7
771	8
772	2
773	1
775	6
776	7
777	2
779	1
780	1
781	3
785	6
786	2
787	5
788	6
789	17
790	10
791	15
792	36
793	5
794	35
795	9
796	22
797	10
798	12
799	14
800	6
801	3
802	1
803	2
804	4
805	2
806	11
807	9
808	10
809	3
810	1
811	2
813	1
815	5
817	1
818	1
821	1
822	1
824	4
825	2
827	7
828	5
831	12
833	4
835	1
836	6
837	6
838	3
839	7
840	1
843	1
846	2
848	2
850	18
851	46
852	50
853	68
854	64
855	53
856	36
857	55
858	32
859	30
860	24
861	16
862	18
863	6
864	9
865	4
866	3
868	5
869	1
870	3
873	5
874	1
875	2
876	7
877	1
878	2
879	21
880	17
881	44
882	33
883	20
884	24
885	24
886	22
887	17
888	11
889	4
890	3
891	4
892	1
895	2
896	4
897	8
898	1
899	12
900	7
901	5
902	1
903	2
904	8
905	4
907	1
909	12
911	10
912	4
913	2
914	6
915	2
916	2
917	16
918	15
919	14
920	7
921	2
922	1
931	4
932	4
933	5
934	2
935	1
936	3
937	15
939	5
940	11
942	2
943	1
953	1
955	1
956	1
957	1
961	1
962	5
963	1
968	5
969	14
970	8
972	1
973	5
975	1
977	1
980	1
983	1
987	3
988	7
989	6
990	2
992	4
993	9
994	9
995	32
996	54
997	41
998	46
999	49
1000	33
1001	17
1002	42
1003	40
1004	28
1005	35
1006	36
1007	23
1008	19
1009	17
1010	10
1011	6
1012	7
1013	26
1014	13
1015	33
1016	18
1017	31
1018	6
1019	9
1020	20
1021	12
1022	7
1023	6
1024	3
1025	11
1026	6
1027	4
1028	4
1029	6
1030	4
1031	2
1032	3
1033	1
1034	2
1035	1
1036	1
1037	3
1038	2
1040	3
1041	3
1042	3
1043	3
1044	1
1045	3
1046	3
1047	12
1048	17
1049	18
1050	12
1051	3
1052	3
1053	2
1054	1
1061	2
1062	2
1063	4
1064	7
1065	3
1066	1
1067	5
1068	3
1069	4
1070	5
1071	5
1072	5
1073	4
1074	2
1075	5
1076	6
1077	6
1078	5
1079	7
1080	10
1081	5
1082	8
1083	7
1084	6
1085	6
1086	6
1087	8
1088	6
1089	12
1090	17
1091	29
1092	29
1093	17
1094	32
1095	36
1096	44
1097	34
1098	18
1099	18
1100	21
1101	31
1102	23
1103	23
1104	17
1105	26
1106	21
1107	15
1108	22
1109	18
1110	18
1111	33
1112	32
1113	19
1114	23
1115	16
1116	15
1117	16
1118	10
1119	10
1120	11
1121	11
1122	13
1123	10
1124	3
1125	2
1126	5
1127	2
1128	7
1129	23
1130	22
1131	33
1132	62
1133	48
1134	63
1135	59
1136	58
1137	59
1138	36
1139	48
1140	50
1141	35
1142	51
1143	48
1144	45
1145	48
1146	33
1147	37
1148	28
1149	30
1150	31
1151	12
1152	22
1153	22
1154	17
1155	14
1156	11
1157	10
1158	10
1159	7
1160	8
1161	18
1162	19
1163	8
1164	21
1165	12
1166	10
1167	10
1168	6
1169	13
1170	9
1171	8
1172	6
1173	9
1174	18
1175	17
1176	19
1177	24
1178	32
1179	29
1180	25
1181	29
1182	16
1183	15
1184	21
1185	16
1186	11
1187	10
1188	7
1189	6
1190	9
1191	19
1192	16
1193	29
1194	24
1195	17
1196	13
1197	12
1198	13
1199	3
1200	5
1201	7
1202	7
1203	7
1204	8
1205	6
1206	10
1207	5
1208	5
1209	1
1210	1
1211	9
1212	10
1213	6
1214	10
1215	13
1216	10
1217	5
1218	9
1219	2
1220	3
1221	5
1222	7
1223	7
1224	1
1225	6
1226	5
1227	6
1228	20
1229	12
1230	17
1231	16
1232	9
1233	12
1234	6
1235	7
1236	2
1237	2
1238	1
1239	2
1240	1
1241	4
1242	2
1243	1
1244	1
1245	5
1246	5
1247	12
1248	5
1249	4
1250	6
1251	8
1252	4
1253	9
1254	9
1255	3
1256	7
1258	3
1259	3
1260	5
1261	2
1262	2
1263	6
1264	7
1265	4
1266	2
1267	5
1268	4
1269	5
1270	7
1271	5
1272	1
1273	4
1274	8
1275	1
1276	1
1277	2
1278	8
1279	9
1281	6
1282	3
1283	3
1284	2
1285	2
1288	4
1289	1
1290	1
1291	4
1292	6
1293	6
1294	21
1295	41
1296	50
1297	51
1298	28
1299	20
1300	27
1301	23
1302	28
1303	22
1304	13
1305	12
1306	6
1307	2
1308	22
1309	10
1310	7
1311	6
1312	7
1313	13
1314	10
1315	14
1316	9
1317	7
1318	1
1319	3
1321	1
1322	5
1323	3
1324	1
1326	5
1327	9
1328	19
1329	12
1330	1
1331	2
1332	1
1333	5
1334	6
1335	1
1336	1
1337	5
1338	2
1339	4
1340	24
1341	8
1342	4
1343	7
1344	6
1345	5
1346	19
1347	20
1348	20
1349	33
1350	18
1351	15
1352	17
1353	21
1354	11
1355	9
1356	7
1357	8
1358	11
1359	19
1360	5
1361	37
1362	28
1363	27
1364	43
1365	81
1366	66
1367	71
1368	123
1369	102
1370	88
1371	43
1372	33
1373	9
1374	27
1375	16
1376	7
1377	7
1378	10
1379	7
1380	14
1381	5
1382	2
1383	13
1384	20
1385	14
1386	22
1387	34
1388	16
1389	17
1390	24
1391	10
1392	7
1393	12
1394	8
1395	3
1396	34
1397	45
1398	30
1399	47
1400	57
1401	26
1402	10
1403	11
1404	8
1405	6
1406	2
1407	1
1408	2
1410	8
1411	8
1412	5
1413	7
1414	19
1415	12
1416	5
1417	6
1418	6
1419	11
1420	9
1421	15
1422	18
1423	40
1424	69
1425	70
1426	50
1427	24
1428	38
1429	27
1430	18
1431	6
1432	38
1433	21
1434	9
1435	17
1436	30
1437	21
1438	12
1439	19
1440	35
1441	47
1442	20
1443	21
1444	15
1445	3
1446	10
1447	5
1448	1
1449	9
1450	13
1451	15
1452	5
1453	19
1454	13
1455	25
1456	6
1457	7
1458	5
1459	7
1460	30
1461	20
1462	10
1463	20
1464	9
1465	23
1466	5
1467	9
1468	27
1469	28
1470	29
1471	21
1472	53
1473	24
1474	22
1475	26
1476	30
1477	30
1478	33
1479	33
1480	24
1481	9
1482	10
1483	13
1484	12
1485	12
1486	6
1487	18
1488	22
1489	35
1490	77
1491	120
1492	117
1493	91
1494	50
1495	39
1496	18
1497	2
1499	3
1500	2
1501	5
1502	15
1503	15
1504	29
1505	31
1506	32
1507	36
1508	36
1509	52
1510	36
1511	46
1512	34
1513	18
1514	24
1515	21
1516	19
1517	2
1518	5
1519	8
1520	10
1521	4
1522	10
1523	18
1524	8
1525	14
1526	5
1527	14
1528	15
1529	11
1530	15
1531	2
1532	2
1533	14
1534	20
1535	32
1536	10
1537	3
1538	7
1539	8
1540	3
1541	3
1542	8
1543	16
1544	23
1545	18
1546	19
1547	23
1548	32
1549	12
1550	14
1551	11
1553	8
1554	15
1555	9
1556	5
1557	7
1558	11
1559	45
1560	9
1561	68
1562	135
1563	241
1564	67
1565	58
1566	32
1567	7
1568	20
1569	5
1570	19
1571	14
1572	16
1573	25
1574	30
1575	20
1576	13
1577	35
1578	21
1579	18
1580	14
1581	6
1582	6
1583	4
1584	22
1585	17
1586	13
1587	14
1588	15
1589	25
1590	8
1591	18
1592	114
1593	60
1594	65
1595	50
1596	64
1597	39
1598	37
1599	31
1600	26
1601	29
1602	64
1603	70
1604	104
1605	62
1606	67
1607	20
1608	14
1609	27
1610	33
1611	38
1612	58
1613	52
1614	15
1615	42
1616	22
1617	18
1618	8
1619	12
1620	6
1621	23
1622	18
1623	17
1624	24
1625	3
1626	126
1627	116
1628	57
1629	54
1630	38
1631	73
1632	83
1633	17
1634	4
1635	9
1636	12
1637	11
1638	4
1639	3
1640	4
1641	8
1642	8
1643	9
1644	10
1646	1
1647	11
1648	10
1649	37
1650	53
1651	41
1652	14
1653	10
1654	7
1655	2
1656	2
1657	6
1658	10
1659	8
1660	9
1661	12
1662	21
1663	25
1664	21
1665	92
1666	82
1667	38
1668	116
1669	91
1670	83
1671	214
1672	105
1673	108
1674	85
1675	28
1676	48
1677	72
1678	186
1679	155
1680	139
1681	473
1682	320
1683	163
1684	164
1685	85
1686	109
1687	147
1688	219
1689	228
1690	420
1691	336
1692	180
1693	149
1694	105
1695	892
1696	884
1697	363
1698	122
1699	1286
1700	1487
1701	446
1702	170
1703	210
1704	287
1705	94
1706	188
1707	76
1708	104
1709	78
1710	36
1711	94
1712	110
1713	138
1714	47
1715	135
1716	79
1717	78
1718	91
1719	144
1720	134
1721	51
1722	19
1723	12
1724	30
1725	36
1726	25
1727	13
1728	35
1729	30
1730	90
1731	18
1732	11
1733	6
1734	13
1735	25
1736	8
1738	5
1739	5
1740	24
1741	24
1742	10
1743	26
1744	6
1745	8
1746	5
1747	3
1748	1
1750	2
